function Jh = measurement_jacobian2(x,u,Ts)

Jh = [1 0 0 0 0 0;0 1 0 0 0 0;0 0 1 0 0 0;0 0 0 1 0 0;0 0 0 0 1 0];

end